0101000000000000010001000
0100100010000000000000000
0101000100000000001000100
0000100010010000000000000
0001000010010000000000000
0101000110000000000000010
1100101000010001100000000
1001000000100000000000000
1001100110000000000000000
1010001010000000011110001
1010100000101000011111000
0110000000101000000000001
0101101100000000000000001
1011100000011001000000000
1011001100011000000000000
0110100000000000000011100
0000000000000000000000001
0000000000000000000000001
0111000000000000000100000
0111100000000000000100000
0000000000000000000000001
0000000000000000000000001
1000000000000000000100101
1000100000000000000100101
0000000000000000000000001
0000000000000000000000001
1100000000000000000000000
1101100000000000000000100
1110000000000000000000011
0110100000000000000101101
0000000000000000000000001
0000000000000000000000001
1101100000000000010000011
1110000000000000010000010
0000000000000000000000001
0000000000000000000000001